Branch,Mean_dNdS,RateClasses,OmegaOver1,WtOmegaOver1,LRT,p,p_Holm,BranchLength
Nocardia_brasiliensis_ATCC700358_esx1,0.08866789395709931,2,0,0,0,1,1,0.2925507157614559
Nocardia_brasiliensis_ATCC700358_esxN,0.157634603479241,2,3.528251436329118,0.07737969169357162,9.438936952501535,0.003100828706641356,0.1922513798117641,0.1588839648484188
Nocardia_cyriacigeorgica_GUH2_esxN,0.1478473224795793,2,6.488116784054234,0.05288444302362627,32.64991461974569,2.660084924555051e-08,2.580282376818399e-06,0.1371494490609935
Nocardia_farcinica_IFM_esxN,0.1562393061852134,2,3.375098317324395,0.107537909437902,30.52459792199079,7.719065514555368e-08,7.255921583682046e-06,0.1212650553375784
Node6,0.835876574045532,2,33.90609258239711,0.05042081241796192,44.19106824451592,8.201611612079773e-11,8.611692192683762e-09,0.06014971619621567
Node4,1.042394484299977,2,19.63765381337824,0.2037107907279487,177.7827534173848,0,0,0.2262485096616985
Nocardia_brasiliensis_ATCC700358_esx4,0.1064724123202161,2,15.63736594660064,0.03781614393313781,13.48163589288015,0.0004026859977310226,0.02859070583890261,0.2702640179718782
Nocardia_farcinica_IFM_esx4,0.187454574907607,2,4.444134163032976,0.09702187337256163,42.082219463191,2.358179762573798e-10,2.45250695307675e-08,0.1470853296370063
Node11,1.113369221497589,2,67.9633124452002,0.03328144846093806,26.96297916246112,4.604496958160453e-07,4.190092231926013e-05,0.04693559864648588
Nocardia_cyriacigeorgica_GUH2_esx4,0.08132914690956349,3,3333.111125924368,0.02869445818523323,15.75045935309026,0.0001284665759875292,0.01014885950301481,31.31897495685814
Node10,0.7412856587670537,2,14.96169661233782,0.1695514668644811,102.3408864298835,0,0,0.236169602140427
Mycobacterium_gilvum_PYRGCK_esx4,0.2666315438578847,2,1.346079996203388,0.3513070308231167,4.088612968800589,0.0474755959513683,1,0.3386389145530129
Mycobacterium_rhodesiae_NBB3_esx4,0.1386976535558182,2,1.012895028477384,0.2439370905143325,-0.26917801622767,0.5,1,0.4598595701752784
Mycobacterium_smegmatis_MC2_esx4,0.2289423820171716,2,1.58081999118177,0.2724005458792524,2.999834541347809,0.08359919022324469,1,0.425017806798323
Mycobacterium_neoaurum_VKM_esx4,0.2535114474203182,2,0,0,0,1,1,0.3976396423384331
Mycobacterium_sp_JLS_esx4,0.2505072084034775,2,1.619083610708492,0.2882963554009464,8.129175315843895,0.006022191434439605,0.3553092946319367,0.2856952886787056
Node23,0.3868708672174997,2,349.8401803818173,0.01816943246261549,11.91552172915544,0.0008870448543451537,0.05765791553243499,0.1401286818362982
Node21,5.186034895910067,2,222.6674697321746,0.06554270654974514,30.62032762181479,7.357369041782746e-08,6.989500589693609e-06,0.04581337938838941
Node19,0.4831162635282183,1,0,0,0,1,1,0.01665616843883276
Node17,0.9275958806092446,2,21.87927951195043,0.1104948766534571,40.29961308871862,5.75888836618077e-10,5.931655017166193e-08,0.06634324348162803
Mycobacterium_sinense_JDM601_esx4,0.3717499926414529,2,1.842561208775248,0.3418620462179258,18.14451125112828,3.853736021736109e-05,0.003121526177606249,0.2984761212295335
Mycobacterium_avium_104_esx4,0.4154560748453828,2,2.825064535592594,0.235830980267165,19.32524328655563,2.129004144507674e-05,0.001809653522831522,0.1186754678329469
Mycobacterium_intracellulare_ATCC13950_esx4,0.1910118079669129,2,1.264528647112767,0.2142069396439292,0.9079539857339114,0.2586607774450254,1,0.1575254671888477
Node29,0.5426217719758356,2,12.39762399980225,0.08641007401694556,30.40675965615083,8.188808142683968e-08,7.61559157269609e-06,0.08050702086360351
Mycobacterium_tuberculosis_H37Rv_esx4,0.2048566251709686,2,1.369769530008418,0.2141092777050003,2.522745074587874,0.1074225081897095,1,0.1736153522563029
Mycobacterium_marinum_M_esx4,0.1998238934194017,2,0,0,0,1,1,0.2380389729829138
Mycobacterium_kansasii_ATCC12478_esx4,0.2332503294596199,2,9999.999999998339,0.02459961959912305,11.25446448998991,0.001238419884585673,0.07925887261348308,56.5502070691657
Node35,0.3005109660376287,2,3.057839552597251,0.1459309640174596,4.842920899856836,0.03218952150934917,1,0.06244398206404626
Node33,0.9925096483883068,1,1.395683055364008,1,-0.1788289466639981,0.5,1,0.01615651168404817
Mycobacterium_haemophilum_esx4,0.1666892043674101,2,0,0,0,1,1,0.1549737009487792
Node32,0.08706850898563125,2,3333.111125947817,0.01074337478777554,4.704002255690284,0.03457204500072525,1,5.202138842265639
Node28,0.2825639043493514,2,2.665595988371862,0.1854909490861979,8.593840624089353,0.00475772687213305,0.285463612327983,0.1101368842392959
Node26,0.8941799950480557,2,15.70706988738215,0.1273964417051544,37.44615737011191,2.405075028022452e-09,2.405075028022452e-07,0.07316460443681853
Node16,0.8436179316666412,2,84.61304209472031,0.08411322398642762,89.93781295022927,0,0,0.1281389132410233
Mycobacterium_abscessus_chromosome_esx4,0.1358596855555244,2,1.251940718907322,0.2240711122372052,1.903935216949321,0.1493219457470821,1,0.3716284980563084
Node15,1.253243083564806,2,55.39228455532309,0.07537434314302005,65.63545147900004,1.77635683940025e-15,1.936228954946273e-13,0.168345564950825
Node9,2.036429540336881,2,672.2202641843315,0.08061639541679932,82.63042764051352,0,0,0.1099177328927352
Node3,1.477980832438459,2,49.95378616987211,0.1145729511177409,72.48180849000346,5.551115123125783e-17,6.328271240363392e-15,0.1257125429444438
Mycobacterium_kansasii_ATCC12478_pMK12478_esxP,0.07580437373018395,2,12.38608496307575,0.008071218828622606,2.810068939463235,0.09234244968406816,1,0.006027418400034366
Mycobacterium_yongonense_051390_pMyong1_esxP,0.08135583651903733,1,0,0,0,1,1,0.00574941660530479
Node44,0.1580437641601438,2,4.101985553162114,0.02363317585389324,0.830295487656258,0.270510237936548,1,0.08685727106361842
Mycobacterium_marinum_E11_pRAW_esxP,0.0700658492629795,2,1.005559288436713,0.1040664388278637,-0.3170082649448887,0.5,1,0.1621983731999149
Node43,0.1507692533912967,2,4.242824845895634,0.1222984642553967,23.88686749397311,2.154868305015434e-06,0.000193938147451389,0.3465580992790835
Mycobacterium_sinense_JDM601_esx5,0.1374407605864277,2,2.783666259411057,0.08204298043348435,7.927109237294644,0.006672632546304624,0.3803400551393636,0.1598443059759541
Mycobacterium_intracellulare_ATCC13950_esx5,0.04276293445787914,2,1.458782147632348,0.04108210182613414,0.2178867206675932,0.3971653369024036,1,0.0574120186448688
Mycobacterium_avium_104_esx5,0.05979946851768706,2,16.85235260840887,0.008520823052345805,15.35757491725963,0.0001565533273401587,0.01205460620519222,0.05088266941115912
Node51,0.4355975949215161,2,44.0359068090159,0.0271212495768508,51.39033874729648,2.230327034169477e-12,2.364146656219646e-10,0.04333683987695294
Mycobacterium_haemophilum_esx5,0.04739276681327264,2,0,0,0,1,1,0.1482653751011614
Mycobacterium_tuberculosis_H37Rv_esx5,0.05043674220914659,2,1.129193387105906,0.06707346960227167,-0.1129226711345837,0.5,1,0.1144274554274144
Mycobacterium_marinum_M_esx5,0.04290060925489924,2,1187.483497124048,0.01248460369271953,2.165178661001846,0.129848844386059,1,5.316515208221914
Mycobacterium_kansasii_ATCC12478_esx5,0.05177181350049129,2,1088.958022837148,0.01191724685922824,12.37268380064052,0.0007043338710505109,0.04648603548933372,2.807430882377472
Node58,0.08818540910481441,2,11.15736023692658,0.01534560182652955,13.11812556243967,0.0004836544963801037,0.03337216025022716,0.02837004070238409
Node56,0.3168572673099169,2,60.73137847544321,0.009232932409922734,12.5832179968711,0.000633378606862689,0.04243636665980016,0.01879002753776073
Node54,0.03186732724446618,2,2.840671440033981,0.02178735580402902,3.751750151743181,0.05651669834464651,1,0.06482865030414808
Node50,0.3305958492912885,2,8.933266618571441,0.07146900849048987,32.01258701295592,3.661228448192944e-08,3.514779310265226e-06,0.06921192252123005
Node48,10,2,9947.637979457862,0.1383090234117813,115.7289131657453,0,0,0.1362830344037687
Node42,0.8300909816286826,2,14.55732136606456,0.2849570339801971,228.2780950675951,0,0,0.3897260481585432
Mycobacterium_chubuense_NBB4_pMYCCH02_esxP,0.0398860188292437,2,0,0,0,1,1,0.209318349499659
Mycobacterium_chubuense_NBB4_pMYCCH01_esxP,0.06739060450338091,2,9.170992925741823,0.01735430919643088,4.586604516254738,0.03672433941649172,1,0.181168035071835
Node62,0.6047159657889828,2,5.910933461287926,0.3692385760513511,116.2355633553816,0,0,0.5453231387873213
Mycobacterium_spKMS_pMKMS01_esxP,0.1603827297743923,2,1.490274142028165,0.2201003938938457,6.65197981079109,0.01276199228417874,0.676385591061473,0.2874104430915712
Mycobacterium_smegmatis_JS623_pMYCSM01_esxP,0.2614420424682313,2,2.938877577282644,0.1938236024600012,33.50109781732317,1.736308014033128e-08,1.701581853752465e-06,0.2529853385693275
Node67,10,2,9927.361173300253,0.1622847294030214,107.4478267474333,0,0,0.1820372007306839
Mycobacterium_abscessus_bolletii_plasmid2_esxP,6.856048016891928e-05,3,3334.248114925244,0.1145603381552524,2.9724337591324,0.08480693445194093,1,390.5980626154308
Node66,0.4628513465019405,2,26.69412311564056,0.1230975104395637,100.960754662985,0,0,0.2131947053296142
Mycobacterium_haemophilum_esx2,0.07942049703235976,2,0,0,0,1,1,0.4686819889776478
Mycobacterium_kansasii_ATCC12478_esx2,0.05066593475867705,2,4.165564723956825,0.01393269341724923,2.279563291929662,0.122184415064359,1,0.1258318306429234
Mycobacterium_tuberculosis_H37Rv_esx2,0.05922724598531306,2,1.749861666810536,0.02730767788133581,0.04760788404382765,0.4583989964712222,1,0.1143868867411629
Node75,0.03837492121253436,2,2.132143876543491,0.02588486881342256,1.188336268882267,0.2207395563245701,1,0.06386373022296528
Mycobacterium_avium_104_esx2,0.1188076696428037,2,3333.111073456657,0.03422981088626564,130.8798507106258,0,0,13.16180136899464
Mycobacterium_intracellulare_ATCC13950_esx2,0.04218833243005597,2,1466.223618342945,0.006610842359229485,5.926349406130612,0.01847962272941212,0.9239811364706058,1.702071527878689
Node78,0.331093232849643,2,16.37879616213435,0.03319140286039568,19.07276565639768,2.416979092667582e-05,0.002030262437840769,0.02684794497151305
Node74,0.2898048377737354,2,8.024677285301179,0.1069715559608058,72.51690881396644,5.551115123125783e-17,6.38378239159465e-15,0.1243961661476347
Mycobacterium_sinense_JDM601_esx2,0.1564011920080534,2,2.959716628725067,0.09978108796706153,13.7762629003264,0.000347129625125342,0.02534046263414996,0.2057582031786017
Node73,3.47791355650654,2,131.68986089257,0.1354138579901835,82.74662828154396,0,0,0.1157909652178086
Node71,1.273489242501716,2,44.20077056258022,0.2256682402636828,378.1739023800474,0,0,0.5363869146974388
Node65,1.934829592865438,2,85.93154951772345,0.09878416569405879,54.54474990454037,4.597988656485086e-13,4.965827749003893e-11,0.100012991185857
Node61,2.806357020855739,2,501.3984920215806,0.1178290562512657,87.1002461760072,0,0,0.1047587866386159
Node41,1.948215108359358,2,174.8450933876692,0.08690588363735507,104.9733836749801,0,0,0.2605239587779396
Mycobacterium_gilvum_PYRGCK_pMFLV01_esxP,0.2452935850057824,2,1.416615711515429,0.4219874118539713,6.760031307232566,0.01207851903088669,0.664318546698768,0.6477147545354857
Mycobacterium_haemophilum_esx1,0.08585950503037182,2,1.694694738904659,0.07654437943320502,1.454090568353422,0.1905750437132495,1,0.1614814223568818
Mycobacterium_kansasii_ATCC12478_esx1,0.05755420354723584,2,1.588559459921632,0.04512625566659934,0.04979929584078491,0.4573049139090271,1,0.1022254699364902
Mycobacterium_marinum_M_esx1,0.05111518822558416,2,1.140882415682114,0.04817341001724262,-0.2694804313359782,0.5,1,0.1635655994376756
Node89,0.1989916965888199,2,4.75955509858042,0.06801686004756413,13.31826394877862,0.000437244358342137,0.03060710508394959,0.04352939540424897
Mycobacterium_tuberculosis_H37Rv_esx1,0.05940719110329558,2,0,0,0,1,1,0.1183573623345538
Node88,1.620370768133549,2,528.4169826796747,0.03253623966043462,19.55857430025935,1.893487876863942e-05,0.00162839957410299,0.01644205956611448
Node86,0.10042332790161,2,1.762782700817127,0.1085796257679639,4.378810282214545,0.04087268050945253,1,0.1477940415894613
Mycobacterium_sp_JLS_esx1,0.1083133069285683,2,1.683781165701641,0.104962658297539,4.544744885992259,0.03752419895801323,1,0.1132863085646138
Mycobacterium_smegmatis_MC2_esx1,0.09613989538953313,2,2.983591328837687,0.06985177176953772,13.80555915785953,0.0003420435239657738,0.02531122077346726,0.1711905964976892
Node94,0.1077272941861763,2,53.6237167124403,0.005976492978559733,6.055373004171997,0.01730107302784845,0.8996557974481192,0.03482117300697011
Mycobacterium_gilvum_PYRGCK_esx1,0.114422146683448,2,1.162067990539973,0.1736747556053088,0.4343310645781457,0.3434132970133395,1,0.1949115302631943
Mycobacterium_rhodesiae_NBB3_esx1,0.06717032482199418,2,2.198299651599005,0.06000143617014864,5.529647526214831,0.02263553400738672,1,0.1824851410062202
Node98,0.2752806238619486,2,25.73244147506836,0.02696804259395613,18.87116243329365,2.674673594416088e-05,0.002219979083365353,0.02357998755023457
Mycobacterium_neoaurum_VKM_esx1,0.09107649578679003,2,3.320600854246629,0.05088288854201806,6.718713833601214,0.01233540925091603,0.6661120995494656,0.1690379618098371
Node97,0.2211439015619713,2,579.5666214787606,0.00652814544917224,10.68571816000622,0.001650585179995001,0.1039868663396851,0.03549903353487709
Node93,0.8239396930121136,2,87.17987771503702,0.03910795420743896,38.5614936031634,1.375513203338841e-09,1.389268335372229e-07,0.05634195059077346
Node85,0.9695005304677813,2,13.41649510728131,0.2999390980635492,225.5189075249946,0,0,0.4112724841646023
Node83,10,2,841.2302833761316,0.1156125777802962,88.81253852497321,0,0,0.1469516382209449
Mycobacterium_smegmatis_JS623_pMYCSM02_esxP,0.4782327001418846,2,2.4616943802473,0.5256664718434493,68.72566054167692,4.440892098500626e-16,4.884981308350689e-14,0.8715558725856938
Mycobacterium_smegmatis_MC2_esx3,0.1377113631015641,2,16.55396894068584,0.03888519013531078,13.54961329279467,0.0003891252554277802,0.02801701839080017,0.2766040489450879
Mycobacterium_sp_JLS_esx3,0.1544368716940072,2,3.53523921655651,0.07222086715099874,15.69007192121353,0.0001324304159281975,0.0103295724423994,0.1394152548427433
Node108,0.2435624444059839,2,10.26310243590521,0.04461848112714573,18.47182987409178,3.269117639559393e-05,0.002680676464438703,0.0320967130332117
Mycobacterium_gilvum_PYRGCK_esx3,0.1897880921716541,2,2.746650128011445,0.1156634979338946,12.9866425456712,0.0005167983590272374,0.03514228841385214,0.2163684636033381
Mycobacterium_rhodesiae_NBB3_esx3,0.1070650151765415,2,0,0,0,1,1,0.2414089664508325
Mycobacterium_neoaurum_VKM_esx3,0.1340883463627378,2,3.447450233434806,0.07546242897864186,7.973806795082055,0.006516307313210401,0.3779458241662033,0.261269012178796
Node113,0.8218698884707542,2,23.39055862862183,0.03771244652702732,21.68219093175139,6.516979868254058e-06,0.0005800112082746112,0.02560299829173313
Node111,0.358281420475873,2,9999.999999998339,0.008673545427229645,14.86856218986213,0.0002002496560455924,0.01521897385946502,1.202581681240987
Node107,0.3250406812058569,2,11.10625653153273,0.05952689208328976,38.96914425573777,1.121442161355901e-09,1.143871004583019e-07,0.0532647895565237
Mycobacterium_sinense_JDM601_esx3,0.2235679368085519,2,4.341041765903946,0.08257946185580456,16.23888214596082,0.0001004757592050209,0.008038060736401675,0.1842702549416335
Mycobacterium_haemophilum_esx3,0.07010288013161788,2,0,0,0,1,1,0.1442270740236419
Mycobacterium_marinum_M_esx3,0.07491866328216169,2,0,0,0,1,1,0.1351404553244417
Mycobacterium_tuberculosis_H37Rv_esx3,0.08695587366689682,2,1.812034340420783,0.06402828871634547,1.040136940544471,0.2399018777795601,1,0.1241435656568721
Node122,0.3376446289636646,1,0,0,0,1,1,0.01387604424121484
Mycobacterium_kansasii_ATCC12478_esx3,0.09970956938946825,2,1.552488857724977,0.09856129154466109,2.833467263611965,0.09121522003948734,1,0.1091490914592526
Node121,0.4869659335416872,2,73.61053105666606,0.01612203374394983,19.91882475803141,1.580016905122772e-05,0.001390414876508039,0.02033320957814017
Node119,0.06812931379731484,2,8.087085826780585,0.01488319965597329,7.118250876781531,0.01006517441308485,0.5636497671327518,0.0524903263546351
Mycobacterium_avium_104_esx3,0.0957957550577101,2,2.890994137580037,0.04430514487532977,5.431936121312901,0.02379661745342049,1,0.05947953720841775
Mycobacterium_intracellulare_ATCC13950_esx3,0.08571879275677247,2,1.510605742041946,0.0800428283798813,0.719993325532414,0.288532816021693,1,0.06712077281405855
Node126,0.4093866270556595,2,6.253438285039229,0.07102464705849565,9.263243397814222,0.003389283013567779,0.2067462638276345,0.03206172684989348
Node118,0.1804092209105664,2,6.801273557322959,0.05434995570613566,19.90181626926642,1.59357499178725e-05,0.001386410242854907,0.04743944228077848
Node116,0.2681319018865775,2,31.96698422543464,0.03843541823923957,68.78107340738643,3.885780586188048e-16,4.313216450668733e-14,0.07615232296846126
Node106,1.870400855934567,2,676.1067997944044,0.02737438560553396,33.91692135017365,1.409691469111962e-08,1.395594554420843e-06,0.1216307002594963
Mycobacterium_abscessus_chromosome_esx3,0.1283959706784969,2,1.618223572117409,0.1406706844224686,2.342984972754493,0.1181408603817102,1,0.3485573686832833
Node105,1.149785491636792,2,84.4355629389036,0.1563570134079273,164.6588626609882,0,0,0.2549119820549718
Mycobacterium_smegmatis_JS623_pMYCSM03_esxP,0.1347364585968553,2,1.607653924976155,0.1613727657555232,6.002131805405952,0.01777792914507098,0.90667438639862,0.2045376132958704
Mycobacterium_spKMS_pMKMS02_esxP,0.1120678775238103,2,1.998678490490234,0.08594883014959065,1.974252676009201,0.1437932411651408,1,0.1975307078490128
Node130,1.103975616349661,2,11.80331892935792,0.347258449686431,182.1336404269096,0,0,0.3592014981920122
Node104,3.655411684600847,2,3060.040302719825,0.1821165751549938,166.537375490414,0,0,0.2564353404934073
Node102,0.9263962257596819,2,200.4954549349352,0.06669086693374904,53.15262582153082,9.230949338245864e-13,9.877115791923075e-11,0.222863187058593
Node82,0.3910153435343128,2,30.48280452755877,0.05457172570280799,30.05776041268837,9.7545583443992e-08,8.974193676847264e-06,0.05503368055239935
Node40,0.9454796997794978,2,63.30707815987861,0.1004873845883887,78.37471392983571,0,0,0.0899871194138908
Node2,0.6089118313257543,2,7.458633923840076,0.3052017859227131,131.9433590351837,0,0,0.3576585966281883
Nocardia_cyriacigeorgica_GUH2_esx1,0.2128786109676257,2,2.961348686242695,0.1355090052749879,14.78316210629418,0.0002090476998658497,0.01567857748993873,0.2189131716915896